[CODA System Alignment]
CX1SerialNumber0=3008
Offset0=164.904674,424.797224,-2466.388593
TransformX0=-0.013030,0.078398,-0.996837
TransformY0=-0.987165,-0.159702,0.000344
TransformZ0=-0.159170,0.984047,0.079473
CX1SerialNumber1=3009
Offset1=-173.422952,1078.275598,-2298.398462
TransformX1=0.989048,0.113916,-0.093850
TransformY1=-0.012283,-0.570124,-0.821467
TransformZ1=-0.147084,0.813623,-0.562481
