[CODA System Alignment]
CX1SerialNumber0=3008
Offset0=-0.283678,0.210283,0.052160
TransformX0=0.999997,-0.001283,0.002063
TransformY0=0.001285,0.999999,-0.000647
TransformZ0=-0.002062,0.000650,0.999998
CX1SerialNumber1=3009
Offset1=-0.297871,0.192222,0.082044
TransformX1=0.999996,-0.001488,0.002337
TransformY1=0.001490,0.999998,-0.001068
TransformZ1=-0.002335,0.001072,0.999997
