[CODA System Alignment]
CX1SerialNumber0=3008
Offset0=164.127648,424.485736,-2466.468112
TransformX0=-0.013013,0.078706,-0.996813
TransformY0=-0.987187,-0.159570,0.000288
TransformZ0=-0.159039,0.984044,0.079774
CX1SerialNumber1=3009
Offset1=-171.397970,1078.451196,-2298.442027
TransformX1=0.989151,0.113137,-0.093705
TransformY1=-0.012595,-0.570205,-0.821406
TransformZ1=-0.146363,0.813674,-0.562594
