[CODA System Alignment]
CX1SerialNumber0=3008
Offset0=164.272856,424.007275,-2466.570760
TransformX0=-0.013009,0.078642,-0.996818
TransformY0=-0.987218,-0.159374,0.000310
TransformZ0=-0.158842,0.984081,0.079710
CX1SerialNumber1=3009
Offset1=-174.301269,1077.460423,-2298.733472
TransformX1=0.989008,0.114258,-0.093852
TransformY1=-0.012143,-0.569819,-0.821681
TransformZ1=-0.147362,0.813789,-0.562168
