[CODA System Alignment]
CX1SerialNumber0=3008
Offset0=170.941719,422.141073,-2463.707297
TransformX0=-0.015233,0.077239,-0.996896
TransformY0=-0.987672,-0.156508,0.002966
TransformZ0=-0.155794,0.984652,0.078671
CX1SerialNumber1=3009
Offset1=-169.020476,1076.577293,-2301.930912
TransformX1=0.989293,0.109236,-0.096787
TransformY1=-0.017480,-0.569710,-0.821660
TransformZ1=-0.144895,0.814554,-0.561700
