[CODA System Alignment]
CX1SerialNumber0=3008
Offset0=171.271324,422.254940,-2463.670971
TransformX0=-0.015291,0.077116,-0.996905
TransformY0=-0.987661,-0.156578,0.003037
TransformZ0=-0.155859,0.984650,0.078559
CX1SerialNumber1=3009
Offset1=-171.895914,1076.125218,-2301.987871
TransformX1=0.989146,0.110340,-0.097037
TransformY1=-0.017088,-0.569531,-0.821792
TransformZ1=-0.145942,0.814530,-0.561464
