[CODA System Alignment]
CX1SerialNumber0=3008
Offset0=-1.545199,2.690023,0.562119
TransformX0=0.999997,-0.002080,-0.000993
TransformY0=0.002082,0.999997,0.001194
TransformZ0=0.000990,-0.001196,0.999999
CX1SerialNumber1=3009
Offset1=-5.223413,-2.718455,-0.661040
TransformX1=0.999996,-0.000859,-0.002837
TransformY1=0.000856,0.999999,-0.000925
TransformZ1=0.002838,0.000923,0.999996
