[CODA System Alignment]
CX1SerialNumber0=3008
Offset0=171.500341,421.928625,-2463.721604
TransformX0=-0.015280,0.077026,-0.996912
TransformY0=-0.987682,-0.156444,0.003051
TransformZ0=-0.155726,0.984679,0.078467
CX1SerialNumber1=3009
Offset1=-171.794664,1076.328358,-2301.905626
TransformX1=0.989147,0.110290,-0.097084
TransformY1=-0.017142,-0.569604,-0.821741
TransformZ1=-0.145929,0.814486,-0.561531
