[CODA System Alignment]
CX1SerialNumber0=3008
Offset0=175.194350,415.162768,-2465.100843
TransformX0=-0.018273,0.075802,-0.996955
TransformY0=-0.987987,-0.154409,0.006368
TransformZ0=-0.153456,0.985095,0.077713
CX1SerialNumber1=3009
Offset1=-163.697672,1068.862448,-2306.207282
TransformX1=0.989312,0.106952,-0.099108
TransformY1=-0.021138,-0.567318,-0.823227
TransformZ1=-0.144271,0.816524,-0.558994
