[CODA System Alignment]
CX1SerialNumber0=3008
Offset0=164.294990,425.545864,-2463.711052
TransformX0=-0.016105,0.080372,-0.996635
TransformY0=-0.987290,-0.158896,0.003140
TransformZ0=-0.158109,0.984019,0.081910
CX1SerialNumber1=3009
Offset1=-178.708039,1080.618096,-2299.609699
TransformX1=0.988460,0.114602,-0.099060
TransformY1=-0.016236,-0.570026,-0.821466
TransformZ1=-0.150608,0.813595,-0.561588
