[CODA System Alignment]
CX1SerialNumber0=3008
Offset0=171.018338,420.605447,-2464.011211
TransformX0=-0.015455,0.077229,-0.996894
TransformY0=-0.987760,-0.155949,0.003232
TransformZ0=-0.155215,0.984741,0.078694
CX1SerialNumber1=3009
Offset1=-170.658727,1075.820274,-2302.260921
TransformX1=0.989191,0.109840,-0.097145
TransformY1=-0.017478,-0.569448,-0.821842
TransformZ1=-0.145590,0.814656,-0.561373
