[CODA System Alignment]
CX1SerialNumber0=3008
Offset0=171.335419,420.129553,-2464.093214
TransformX0=-0.015552,0.077114,-0.996901
TransformY0=-0.987785,-0.155784,0.003359
TransformZ0=-0.155042,0.984777,0.078594
CX1SerialNumber1=3009
Offset1=-170.633958,1075.513069,-2302.369062
TransformX1=0.989182,0.109822,-0.097256
TransformY1=-0.017597,-0.569358,-0.821901
TransformZ1=-0.145637,0.814721,-0.561266
