[CODA System Alignment]
CX1SerialNumber0=3008
Offset0=170.927987,422.472208,-2463.640268
TransformX0=-0.015137,0.077237,-0.996898
TransformY0=-0.987654,-0.156625,0.002861
TransformZ0=-0.155918,0.984634,0.078654
CX1SerialNumber1=3009
Offset1=-171.253517,1076.875825,-2301.671462
TransformX1=0.989186,0.110093,-0.096903
TransformY1=-0.017072,-0.569786,-0.821615
TransformZ1=-0.145668,0.814385,-0.561745
