[CODA System Alignment]
CX1SerialNumber0=3008
Offset0=164.253620,424.690848,-2463.874548
TransformX0=-0.016094,0.080393,-0.996633
TransformY0=-0.987345,-0.158553,0.003154
TransformZ0=-0.157766,0.984072,0.081927
CX1SerialNumber1=3009
Offset1=-176.560080,1080.726655,-2299.735642
TransformX1=0.988566,0.113770,-0.098960
TransformY1=-0.016619,-0.570088,-0.821415
TransformZ1=-0.149868,0.813668,-0.561679
