[CODA System Alignment]
CX1SerialNumber0=3008
Offset0=171.265573,421.043913,-2463.922053
TransformX0=-0.015485,0.077135,-0.996900
TransformY0=-0.987730,-0.156135,0.003262
TransformZ0=-0.155400,0.984719,0.078606
CX1SerialNumber1=3009
Offset1=-169.353750,1075.541024,-2302.453916
TransformX1=0.989248,0.109332,-0.097130
TransformY1=-0.017771,-0.569371,-0.821889
TransformZ1=-0.145162,0.814778,-0.561306
