[CODA System Alignment]
CX1SerialNumber0=3008
Offset0=2.707592,6.453517,4.116810
TransformX0=0.999999,0.000591,0.001298
TransformY0=-0.000594,0.999998,0.002050
TransformZ0=-0.001297,-0.002050,0.999997
CX1SerialNumber1=3009
Offset1=-6.467217,0.455421,-1.880173
TransformX1=0.999954,0.000604,0.009566
TransformY1=-0.000578,0.999996,-0.002748
TransformZ1=-0.009567,0.002742,0.999950
