[CODA System Alignment]
CX1SerialNumber0=3008
Offset0=170.919694,418.936893,-2464.236345
TransformX0=-0.015158,0.077249,-0.996897
TransformY0=-0.987875,-0.155224,0.002993
TransformZ0=-0.154511,0.984854,0.078665
CX1SerialNumber1=3009
Offset1=-170.760458,1076.422869,-2301.912100
TransformX1=0.989206,0.109906,-0.096913
TransformY1=-0.017214,-0.569639,-0.821715
TransformZ1=-0.145516,0.814513,-0.561599
