[CODA System Alignment]
CX1SerialNumber0=3008
Offset0=-1.539641,2.686211,0.564906
TransformX0=0.999997,-0.002085,-0.000979
TransformY0=0.002087,0.999996,0.001734
TransformZ0=0.000975,-0.001736,0.999998
CX1SerialNumber1=3009
Offset1=-5.219904,-2.725525,-0.659466
TransformX1=0.999996,-0.000969,-0.002542
TransformY1=0.000966,0.999999,-0.001078
TransformZ1=0.002543,0.001076,0.999996
