[CODA System Alignment]
CX1SerialNumber0=3008
Offset0=563.971478,108.319363,-2706.349468
TransformX0=-0.044087,-0.068057,-0.996707
TransformY0=-0.998782,-0.019120,0.045485
TransformZ0=-0.022153,0.997498,-0.067131
CX1SerialNumber1=3009
Offset1=231.295089,983.761163,-2623.306627
TransformX1=0.996836,-0.034881,-0.071423
TransformY1=-0.079171,-0.515547,-0.853196
TransformZ1=-0.007062,0.856151,-0.516678
