[CODA System Alignment]
CX1SerialNumber0=3006
Offset0=-0.000000,-0.000000,-0.000000
TransformX0=0.985943,0.014075,0.166490
TransformY0=-0.031079,0.994505,0.099973
TransformZ0=-0.164168,-0.103742,0.980962
CX1SerialNumber1=3007
Offset1=-0.000000,-0.000000,-0.000000
TransformX1=0.987446,0.016222,0.157124
TransformY1=-0.033825,0.993354,0.110014
TransformZ1=-0.154295,-0.113948,0.981432
