[CODA System Alignment]
CX1SerialNumber0=3006
Offset0=394.487636,1744.751507,-1871.846932
TransformX0=-0.107724,-0.128387,-0.985856
TransformY0=-0.688136,-0.706068,0.167142
TransformZ0=-0.717541,0.696408,-0.012287
CX1SerialNumber1=3007
Offset1=119.759393,1968.421292,-1802.117067
TransformX1=0.986014,0.076072,-0.148289
TransformY1=-0.043385,-0.741923,-0.669080
TransformZ1=-0.160918,0.666156,-0.728246
