[CODA System Alignment]
CX1SerialNumber0=3006
Offset0=607.558925,1636.181408,-2957.237073
TransformX0=-0.121728,-0.173954,-0.977201
TransformY0=-0.851408,-0.487750,0.192884
TransformZ0=-0.510183,0.855476,-0.088733
CX1SerialNumber1=3007
Offset1=339.320362,1963.633216,-2901.635919
TransformX1=0.987539,0.026371,-0.155148
TransformY1=-0.112806,-0.568796,-0.814706
TransformZ1=-0.109732,0.822056,-0.558733
