[CODA System Alignment]
CX1SerialNumber0=3008
Offset0=270.964544,382.324903,-2513.601202
TransformX0=0.009482,0.066601,-0.997735
TransformY0=-0.990881,-0.133486,-0.018327
TransformZ0=-0.134404,0.988810,0.064728
CX1SerialNumber1=3009
Offset1=12.299472,1026.428416,-2377.089797
TransformX1=0.995344,0.072907,-0.063042
TransformY1=-0.012834,-0.547997,-0.836382
TransformZ1=-0.095525,0.833297,-0.544510
