[CODA System Alignment]
CX1SerialNumber0=3006
Offset0=710.335113,1632.181416,-2959.607680
TransformX0=-0.119595,-0.173296,-0.977581
TransformY0=-0.850259,-0.490500,0.190970
TransformZ0=-0.512598,0.854036,-0.088685
CX1SerialNumber1=3007
Offset1=525.967640,2019.872593,-2849.644455
TransformX1=0.987444,0.003279,-0.157934
TransformY1=-0.125563,-0.590365,-0.797310
TransformZ1=-0.095853,0.807130,-0.582540
