[CODA System Alignment]
CX1SerialNumber0=3006
Offset0=-0.000000,-0.000000,-0.000000
TransformX0=0.993967,0.014472,0.108718
TransformY0=-0.028158,0.991703,0.125429
TransformZ0=-0.106000,-0.127733,0.986128
CX1SerialNumber1=3007
Offset1=-0.000000,-0.000000,-0.000000
TransformX1=0.993661,0.014340,0.111500
TransformY1=-0.028266,0.991838,0.124334
TransformZ1=-0.108807,-0.126698,0.985956
