[CODA System Alignment]
CX1SerialNumber0=3008
Offset0=660.414648,513.360947,-2902.343489
TransformX0=-0.116618,-0.065944,-0.990985
TransformY0=-0.980089,-0.153808,0.125571
TransformZ0=-0.160702,0.985898,-0.046694
CX1SerialNumber1=3009
Offset1=282.106090,1211.337433,-2797.424362
TransformX1=0.990214,-0.033607,-0.135451
TransformY1=-0.130402,-0.568569,-0.812234
TransformZ1=-0.049716,0.821948,-0.567388
