[CODA System Alignment]
CX1SerialNumber0=3001
Offset0=544.887152,-596.468440,-3159.489610
TransformX0=0.053745,-0.203866,-0.977522
TransformY0=-0.966642,0.234885,-0.102133
TransformZ0=0.250427,0.950404,-0.184441
CX1SerialNumber1=3005
Offset1=220.212560,117.156249,-3332.999204
TransformX1=0.999173,0.039243,0.010637
TransformY1=0.013232,-0.066488,-0.997699
TransformZ1=-0.038446,0.997015,-0.066953
;;;
;;; Created by CodaRTnetTracker 2017-08-21 17:05:38
;;;
