[CODA System Alignment]
CX1SerialNumber0=3008
Offset0=544.076327,-602.045815,-3158.804057
TransformX0=0.053920,-0.203622,-0.977564
TransformY0=-0.966190,0.236552,-0.102565
TransformZ0=0.252129,0.950043,-0.183983
CX1SerialNumber1=3009
Offset1=220.314866,118.462769,-3332.944821
TransformX1=0.999173,0.039217,0.010700
TransformY1=0.013308,-0.066868,-0.997673
TransformZ1=-0.038411,0.996991,-0.067334
;;;
;;; Created by CodaRTnetTracker 2017-08-21 17:06:49
;;;
