[CX1]
SerialNumber=3007
[Geometry]
BaseLine=659.6157
FocalDistance=3000.00
CalDistances=2100,2500,3000,3600,4300
CTCentre=3976.500000
[Calibrated Range]
MinA=250.0
MinB=315.0
MinC=370.0
MaxA=3600.0
MaxB=3730.0
MaxC=3730.0
[Camera Calibration]
IScale=400.0
[Correction Factors]
SkewA=-1.386654e-004
SkewC=1.599530e-003
TiltA=2.224687e-008
TiltC=5.816952e-007
YawB=-4.107949e-008
