[CX1]
SerialNumber=3009
[Geometry]
BaseLine=659.1080
FocalDistance=3000.00
CalDistances=2100,2500,3000,3600,4300
CTCentre=3976.500000
[Calibrated Range]
MinA=405.0
MinB=280.0
MinC=365.0
MaxA=3670.0
MaxB=3630.0
MaxC=3665.0
[Camera Calibration]
IScale=400.0
[Correction Factors]
SkewA=1.475530e-003
SkewC=1.447749e-003
TiltA=-3.734467e-007
TiltC=9.842951e-007
YawB=-3.754041e-008
