[CX1]
SerialNumber=3008
[Geometry]
BaseLine=660.4660
FocalDistance=3000.00
CalDistances=2100,2500,3000,3600,4300
CTCentre=3976.500000
[Calibrated Range]
MinA=425.0
MinB=340.0
MinC=390.0
MaxA=3740.0
MaxB=3570.0
MaxC=3700.0
[Camera Calibration]
IScale=400.0
[Correction Factors]
SkewA=4.559062e-004
SkewC=1.029505e-003
TiltA=-4.034443e-007
TiltC=1.067597e-006
YawB=1.161616e-007
