[CX1]
SerialNumber=3005
[Geometry]
BaseLine=659.8333
FocalDistance=3000.00
CalDistances=2100,2500,3000,3600,4300
CTCentre=3976.500000
[Calibrated Range]
MinA=900.0
MinB=500.0
MinC=700.0
MaxA=3550.0
MaxB=3500.0
MaxC=3450.0
[Camera Calibration]
IScale=400.0
[Correction Factors]
SkewA=-6.317759e-004
SkewC=-6.568838e-004
TiltA=1.979318e-006
TiltC=2.101935e-006
YawB=1.995206e-007
