header
sn
Offset0=849.706604,988.052429,-3292.830322
TransformX0=0.152093,-0.251675,-0.955786
TransformY0=-0.959833,-0.268295,-0.082090
TransformZ0=-0.235773,0.929880,-0.282372
sn
Offset1=539.881409,981.652893,-3355.247314
TransformX1=0.989056,-0.130008,0.069759
TransformY1=0.037443,-0.236156,-0.970994
TransformZ1=0.142711,0.962979,-0.228703
