[CODA System Alignment]
CX1SerialNumber0=3001
Offset0=472.332445,288.797146,-3113.017838
TransformX0=-0.019012,-0.149378,-0.988597
TransformY0=-0.999787,-0.005073,0.019994
TransformZ0=-0.008002,0.988767,-0.149250
CX1SerialNumber1=3005
Offset1=102.050747,570.106957,-3105.335500
TransformX1=0.997807,-0.029488,0.059252
TransformY1=0.055779,-0.107188,-0.992673
TransformZ1=0.035623,0.993801,-0.105308
;;;
;;; Created by CodaRTnetTracker 2017-09-06 06:34:26
;;;
