[CODA System Alignment]
CX1SerialNumber0=3001
Offset0=-69.585160,2652.439256,-1406.251704
TransformX0=0.041009,0.043504,0.998211
TransformY0=0.518040,-0.855207,0.015989
TransformZ0=0.854373,0.516458,-0.057608
CX1SerialNumber1=3005
Offset1=347.272223,2554.257370,-1738.607179
TransformX1=-0.994170,-0.106383,-0.017560
TransformY1=0.072911,-0.783272,0.617389
TransformZ1=-0.079434,0.612509,0.786462
;;;
;;; Created by CodaRTnetTracker 2017-09-06 09:42:44
;;;
