[CODA System Alignment]
CX1SerialNumber0=3001
Offset0=-45.193984,2396.515497,-1491.316056
TransformX0=0.041299,0.045911,0.998091
TransformY0=0.548965,-0.835697,0.015726
TransformZ0=0.834824,0.547268,-0.059717
CX1SerialNumber1=3005
Offset1=325.424702,2326.388629,-1769.434882
TransformX1=-0.995580,-0.091175,-0.022524
TransformY1=0.057075,-0.777843,0.625862
TransformZ1=-0.074583,0.621810,0.779608
;;;
;;; Created by CodaRTnetTracker 2017-09-06 10:15:11
;;;
